#############################################################
Map0:
max_iter = 1000, dq = 5, p = 0.2, max_search_radius = 30, start=(10,10), goal= (90,70)

First path found after 237 iterations
First Path Cost:  133.82235502367473
Path to follow: 
(10.0, 10.0)
(13.0, 19.0)
(22.41, 45.66)
(41.0, 68.0)
(51.37, 77.68)
(76.14, 90.64)
(90.0, 70.0)


Final Path Cost:  129.752449312443
Path to follow: 
(10.0, 10.0)
(30.1, 13.69)
(53.0, 18.46)
(75.0, 23.0)
(91.0, 26.0)
(97.0, 34.0)
(98.0, 42.0)
(90.0, 70.0)
(90.0, 70.0)
#############################################################
Map1:
max_iter = 2000, dq = 10, p = 0.2, max_search_radius = 20, start=(60,60), goal= (90,60)

First path found after 721 iterations
First Path Cost:  193.9141539664273
Path to follow: 
(60.0, 60.0)
(49.0, 44.0)
(47.0, 41.0)
(40.0, 43.0)
(25.0, 56.0)
(15.0, 61.0)
(6.0, 68.0)
(14.0, 84.0)
(29.0, 89.0)
(43.0, 91.0)
(59.0, 89.0)
(68.0, 88.0)
(85.0, 82.0)
(94.0, 74.0)
(97.0, 65.0)
(90.0, 60.0)


Final Path Cost:  175.83200291182766
Path to follow: 
(60.0, 60.0)
(49.0, 44.0)
(44.0, 41.0)
(32.0, 50.0)
(28.0, 53.0)
(13.0, 63.0)
(7.0, 67.0)
(7.0, 71.0)
(17.0, 76.0)
(29.0, 85.0)
(39.0, 90.0)
(47.0, 90.0)
(63.0, 85.0)
(76.0, 81.0)
(86.0, 81.0)
(96.0, 69.0)
(90.0, 60.0)

#############################################################
Map2:
max_iter = 20000, dq = 10, p = 0.2, max_search_radius = 20, start=(8,31), goal= (139,38)

First path found after 16488 iterations
First Path Cost:  555.9759584803489
Path to follow: 
(8.0, 31.0)
(22.0, 26.0)
(33.0, 25.0)
(33.0, 40.0)
(33.0, 47.0)
(24.0, 55.0)
(22.0, 59.0)
(23.0, 65.0)
(33.0, 75.0)
(33.0, 81.0)
(33.0, 86.0)
(23.0, 93.0)
(21.0, 100.0)
(22.0, 116.0)
(25.0, 117.0)
(28.0, 118.0)
(47.0, 124.0)
(52.0, 126.0)
(52.0, 135.0)
(34.0, 141.0)
(22.0, 145.0)
(20.0, 160.0)
(23.0, 174.0)
(34.0, 174.0)
(42.0, 164.0)
(52.0, 165.0)
(61.0, 174.0)
(80.0, 174.0)
(90.0, 174.0)
(90.0, 171.0)
(90.0, 166.0)
(91.0, 147.0)
(88.0, 141.0)
(81.0, 137.0)
(79.0, 133.0)
(79.0, 129.0)
(78.0, 117.0)
(77.0, 106.0)
(72.0, 87.0)
(64.0, 79.0)
(61.0, 76.0)
(58.0, 62.0)
(58.0, 43.0)
(59.0, 27.0)
(71.0, 22.0)
(78.0, 20.0)
(93.0, 19.0)
(109.0, 20.0)
(120.46, 26.63)
(123.0, 35.0)
(132.83, 36.84)
(139.0, 38.0)

Final Path Cost:  546.3571114340813
Path to follow: 
(8.0, 31.0)
(22.0, 26.0)
(33.0, 25.0)
(33.0, 40.0)
(33.0, 47.0)
(24.0, 55.0)
(22.0, 59.0)
(23.0, 65.0)
(33.0, 75.0)
(33.0, 81.0)
(33.0, 86.0)
(23.0, 93.0)
(22.0, 103.0)
(22.0, 116.0)
(34.0, 121.0)
(52.0, 126.0)
(52.0, 127.0)
(52.0, 135.0)
(47.0, 138.0)
(30.0, 142.0)
(30.0, 142.0)
(24.0, 144.0)
(22.0, 146.0)
(22.0, 160.0)
(23.0, 174.0)
(31.0, 174.0)
(34.0, 174.0)
(41.0, 166.0)
(43.0, 164.0)
(52.0, 165.0)
(61.0, 174.0)
(80.0, 175.0)
(90.0, 174.0)
(90.0, 158.0)
(91.0, 146.0)
(85.0, 140.0)
(79.0, 134.0)
(79.0, 123.0)
(76.0, 109.0)
(72.0, 91.0)
(71.0, 85.0)
(63.0, 76.0)
(61.0, 75.0)
(59.0, 56.0)
(60.0, 47.0)
(58.0, 32.0)
(62.0, 25.0)
(70.0, 25.0)
(87.0, 24.0)
(104.0, 24.0)
(121.0, 26.0)
(125.0, 35.0)
(134.0, 38.0)
(139.0, 38.0)

#############################################################
Map3:
max_iter = 5000, dq = 5, p = 0.2, max_search_radius = 20, start=(50,90), goal= (375,375)

First path found after 464 iterations
First Path Cost:  532.9377551828592
Path to follow: 
(50.0, 90.0)
(53.76, 93.3)
(65.91, 106.06)
(76.36, 119.3)
(90.88, 133.02)
(101.8, 148.51)
(110.27, 162.21)
(112.18, 166.83)
(114.93, 185.18)
(117.83, 201.19)
(122.5, 218.79)
(129.23, 232.51)
(132.49, 248.14)
(134.94, 254.95)
(146.16, 265.86)
(160.49, 276.86)
(172.4, 284.82)
(179.16, 291.35)
(188.76, 301.39)
(198.5, 310.69)
(215.65, 319.63)
(234.63, 324.88)
(244.1, 328.09)
(252.15, 345.87)
(256.41, 361.71)
(260.36, 372.53)
(275.05, 385.3)
(288.47, 389.93)
(295.6, 393.57)
(308.06, 399.38)
(321.89, 407.9)
(328.43, 412.67)
(343.27, 424.0)
(359.67, 416.28)
(364.89, 402.22)
(366.63, 397.53)
(373.88, 379.64)
(375.0, 375.0)


Final Path Cost:  518.8481066121777
Path to follow: 
(50.0, 90.0)
(53.76, 93.3)
(65.91, 106.06)
(76.36, 119.3)
(90.88, 133.02)
(100.0, 146.0)
(105.0, 155.0)
(112.18, 166.83)
(115.0, 182.0)
(117.83, 201.19)
(122.5, 218.79)
(129.23, 232.51)
(141.24, 243.56)
(151.0, 257.0)
(162.0, 271.0)
(172.4, 284.82)
(187.0, 295.0)
(202.65, 301.31)
(220.84, 307.11)
(232.7, 315.6)
(240.0, 321.0)
(244.1, 328.09)
(252.15, 345.87)
(253.34, 354.7)
(261.82, 367.75)
(274.34, 380.35)
(284.37, 387.07)
(295.0, 393.0)
(308.06, 399.38)
(326.67, 406.42)
(343.91, 415.93)
(354.67, 416.03)
(363.15, 406.91)
(368.0, 395.0)
(373.88, 379.64)
(375.0, 375.0)

#############################################################
Map4:
max_iter = 1000, dq = 10, p = 0.2, max_search_radius = , start=(10,10), goal= (90,70)

#############################################################
Map5:
max_iter = 1000, dq = 10, p = 0.2, max_search_radius = , start=(10,10), goal= (90,70)

#############################################################
Map6:
max_iter = 1000, dq = 10, p = 0.2, max_search_radius = , start=(10,10), goal= (90,70)

#############################################################
Map7:
max_iter = 1000, dq = 10, p = 0.2, max_search_radius = , start=(10,10), goal= (90,70)

#############################################################